461.01
170.98
461.01
123.22
461.01
123.22
461.01
192.57
192.57
329.29
170.98
123.22
240.61
329.29
240.61
461.01
401.34
240.61
401.34
401.34
401.34
146.69
192.57
240.61
387.67
192.57
192.57
240.61
192.57
401.34
401.34
401.34
401.34
192.57
240.61
240.61
387.67
146.69
401.34
387.67
146.69
192.57
240.61
240.61
146.69
146.69
461.01
170.98
240.61
329.29
401.34
401.34
170.98
401.34
401.34
387.67
461.01
401.34
146.69
387.67
146.69
240.61
231.00
170.98
401.34
401.34
329.29
401.34
461.01
461.01
401.34
240.61
123.22
461.01
240.61
401.34
170.98
401.34
401.34
240.61
240.61
240.61
240.61
170.98
240.61
401.34
192.57
240.61
170.98
401.34
192.57
401.34
401.34
170.98
329.29
240.61
387.67
192.57
240.61
387.67
778.67
1654.03
941.85
1654.03
1202.91
597.15
1491.48
1481.40
816.36
1491.48
941.85
1497.55
1594.92
1654.03
1594.92
1497.55
736.79
941.85
1344.49
941.85
1654.03
1654.03
722.36
1092.72
941.85
1654.03
778.67
643.06
654.71
771.23
1455.72
722.36
937.18
771.23
1358.36
736.79
1205.99
1301.97
1491.48
937.18
643.15
722.36
1109.26
771.23
1099.49
1301.97
1679.32
1654.03
968.67
1455.72
771.23
1654.03
1109.26
1654.03
1089.12
722.36
1188.51
1221.76
736.79
597.15
1344.49
556.99
857.97
722.36
1455.72
1489.14
816.36
816.36
1654.03
516.89
816.36
968.67
816.36
1205.99
1089.12
1489.14
1654.03
816.36
643.06
654.71
1654.03
1358.36
722.36
1654.03
1081.76
1073.53
941.85
968.67
722.36
1654.03
1497.55
1301.97
937.18
556.99
516.89
1202.91
1028.57
667.05
667.05
972.75
1856.83
1569.93
1277.14
1125.58
1607.58
1976.70
1125.58
1069.06
1249.34
1898.42
1585.22
1400.59
1720.45
1125.58
1791.16
1643.52
1647.52
1303.92
1979.61
1339.24
999.67
1277.14
1970.94
1694.02
1669.84
1366.37
1219.39
1856.83
926.01
1616.36
643.06
1608.92
1125.58
1607.58
1125.58
1791.16
999.67
1339.24
1686.05
1455.72
1219.39
1498.48
923.57
1608.92
1607.58
1700.53
2156.66
1791.16
1137.88
1831.48
1194.70
1249.34
2022.42
1569.93
1970.94
1219.39
1458.17
926.01
1898.42
1219.39
1569.93
1770.13
1898.42
1194.70
1725.10
1770.13
1898.42
1125.58
1669.84
1895.11
1686.05
1686.05
1510.40
999.67
1069.06
943.29
1898.42
1529.69
1339.24
860.37
2230.70
1125.58
1669.84
1895.11
1704.33
1979.61
1791.16
1153.41
1605.02
1182.52
1979.61
1781.93
2230.70
1895.11
1125.58
1497.55
845.14
1791.16
1263.91
1694.02
1406.05
1013.80
1282.40
760.70
1394.88
736.79
1097.05
1394.88
1358.36
1533.14
840.01
1358.36
1109.26
1205.99
1358.36
901.24
1010.84
653.02
1129.75
1205.99
1400.59
771.23
760.70
1481.40
1569.33
1205.99
1188.51
1569.33
1097.05
760.70
603.90
668.81
668.81
2015.02
1358.36
760.70
734.47
668.81
926.01
1010.84
720.29
771.23
1301.97
1406.05
901.24
1109.26
1301.97
668.81
840.01
1092.72
1925.66
1092.72
668.81
1081.76
653.02
734.47
1358.36
1481.40
603.90
734.47
734.47
1129.75
1860.05
1481.40
734.47
1654.03
1489.14
840.01
760.70
1205.99
926.01
1129.75
1481.40
1358.36
1481.40
1034.56
1394.88
603.90
760.70
1202.91
760.70
926.01
1282.40
525.04
1202.91
668.81
2015.02
525.04
840.01
1301.97
734.47
1010.84
653.02
1394.88
1781.93
1099.49
1481.40
844.98
999.21
1458.17
926.01
840.01
808.99
1169.35
840.01
461.01
1153.41
968.67
516.89
1303.92
734.47
1109.26
923.57
1167.61
726.81
654.71
1277.14
552.78
1529.69
461.01
1099.49
461.01
736.79
771.23
643.06
816.36
1138.29
722.36
556.99
1219.39
556.99
844.98
941.85
1016.94
643.15
1669.84
771.23
760.70
923.57
840.01
1042.98
860.37
653.02
621.35
516.89
1219.39
603.90
722.36
1138.29
734.47
284.35
284.35
284.35
729.12
1221.76
653.02
760.70
720.29
391.01
855.07
790.66
790.66
840.01
840.01
1129.75
391.01
790.66
1129.75
1221.76
391.01
720.29
840.01
1109.26
1149.53
734.47
791.99
840.01
1202.91
791.99
391.01
653.02
653.02
284.35
284.35
685.17
668.81
1202.91
840.01
844.98
1202.91
621.35
603.90
391.01
790.66
255.47
284.35
840.01
840.01
791.99
720.29
840.01
840.01
734.47
284.35
840.01
284.35
791.99
603.90
840.01
603.90
840.01
760.70
603.90
391.01
284.35
734.47
720.29
1129.75
840.01
391.01
857.97
791.99
1129.75
391.01
621.35
391.01
603.90
855.07
791.99
391.01
653.02
857.97
855.07
668.81
284.35
855.07
1169.35
284.35
1109.26
603.90
855.07
840.01
840.01
284.35
391.01
391.01
1129.75
1109.26
391.01
791.99
1282.40
1097.05
1149.53
1358.36
1205.99
516.89
643.06
643.15
1226.70
1264.75
726.81
1089.12
1153.41
556.99
1264.75
923.57
654.71
631.68
1153.41
1358.36
643.15
556.99
941.85
1481.40
1308.99
923.57
1498.48
643.06
1344.49
643.06
556.99
1205.99
597.15
654.71
923.57
1323.60
1344.49
943.29
1097.05
1129.75
1498.48
845.14
1303.92
1458.17
923.57
1282.40
1089.12
1129.75
631.68
1089.12
1491.48
643.15
1585.22
1089.12
654.71
1264.75
941.85
556.99
631.68
1323.60
778.67
941.85
1073.53
1498.48
1264.75
726.81
1097.05
1089.12
1358.36
643.06
1585.22
516.89
1089.12
654.71
860.37
1089.12
1344.49
643.15
1481.40
1073.53
722.36
643.06
726.81
1491.48
923.57
556.99
1498.48
1089.12
838.27
1491.48
556.99
941.85
643.15
1153.41
943.29
1073.53
556.99
1226.70
1089.12
654.71
2022.42
1860.05
2230.70
1700.53
1796.76
1917.63
2230.70
2020.56
2044.97
2020.56
1860.05
1865.12
1153.81
2022.53
1856.83
2230.70
1766.86
2230.70
1856.83
1856.83
1856.83
1704.33
2156.66
1876.56
2156.66
2019.58
1781.93
2044.97
1725.10
1860.05
1856.83
1925.66
1865.12
2020.56
2230.70
1856.83
1940.25
1917.63
1856.83
1725.10
1781.93
2230.70
2020.56
1781.93
1704.33
1856.83
1876.56
1856.83
2230.70
2230.70
1796.76
1856.83
1860.05
1796.76
1917.63
1856.83
2017.61
2156.66
1860.05
1860.05
1796.76
1876.56
1876.56
1856.83
2019.58
1856.83
1865.12
1796.76
1917.63
1796.76
2230.70
1860.05
1796.76
2022.53
1856.83
2044.97
1796.76
1860.05
1917.63
1860.05
1917.63
1781.93
1925.66
1856.83
2022.42
2022.42
1856.83
1781.93
1860.05
2044.97
1796.76
1860.05
2230.70
1153.81
2230.70
1895.11
1856.83
2044.97
1781.93
1856.83
1209.22
1209.22
1069.06
1864.17
1497.55
720.29
1291.73
1459.40
734.47
1194.70
2027.83
1539.91
1898.42
1837.35
1539.91
1837.52
1805.65
1796.76
1791.16
1353.50
1426.16
2130.10
1805.65
1805.65
1686.05
1481.40
1497.55
808.99
1881.55
1490.07
1690.14
1497.55
1787.57
1125.71
1447.16
1895.11
672.33
1967.04
1666.75
516.89
1856.83
1979.61
1138.29
816.36
1297.76
1770.13
1892.18
720.29
1607.58
1426.16
1497.55
1358.36
1182.52
1976.70
1607.58
1153.41
1406.05
2021.55
1497.55
1892.18
1277.14
1125.58
855.07
170.98
1334.13
1497.55
1303.92
2014.35
1209.22
771.23
1277.14
1426.16
1358.36
556.99
1497.55
1594.15
1490.07
1647.52
621.35
1666.75
1243.00
1125.58
1469.21
1781.93
621.35
1459.40
1498.48
1666.75
926.01
1791.16
2230.70
840.01
1277.14
1323.60
1588.65
1742.90
1791.16
1278.12
1073.53
1129.75
1400.59
1796.76
1605.02
1690.14
1865.12
1791.16
1796.76
1876.56
1222.39
1678.49
1353.50
1264.75
1243.00
1588.65
1395.38
1219.39
1277.14
1469.21
1400.59
1632.40
1167.61
1339.24
1726.35
1092.72
1497.55
2156.66
1243.00
1447.16
1324.01
1805.65
525.04
1594.92
1366.23
1010.55
840.01
1326.81
840.01
1297.76
1733.30
1297.76
840.01
1366.23
720.29
1805.65
926.01
1856.83
1837.52
1092.72
840.01
1781.57
1647.52
1643.52
1787.57
2156.66
1478.32
734.02
1647.02
621.35
1291.73
1339.24
1864.17
769.28
729.12
1329.41
1607.58
1169.35
923.57
1679.32
1339.24
1979.61
1351.10
1791.16
943.29
1669.84
1497.55
1426.16
1816.92
2021.71
1679.32
1605.02
943.29
1791.16
1925.66
1607.58
1605.16
1477.94
487.05
1073.53
844.98
1277.14
1970.94
1979.61
1447.16
1491.48
984.62
1481.40
1263.91
1719.60
1497.55
1816.92
1588.65
1426.16
2039.76
1569.33
937.18
1725.10
1469.21
1539.91
1616.18
1970.94
1539.91
1898.42
1700.89
1477.94
1535.01
2232.36
1837.35
2021.71
1539.91
1092.72
1097.05
2130.10
2018.59
1856.83
1497.55
1742.90
1016.94
442.02
1264.23
1277.14
1198.76
1092.72
1277.14
1856.83
1980.04
1679.32
1669.84
1837.52
1970.94
1770.13
1324.01
1647.02
1898.58
1481.40
1970.94
1686.05
1323.60
1796.76
1791.16
1865.12
734.47
643.06
1970.94
1530.07
1643.52
2021.71
1647.02
2014.35
1607.58
2014.35
1249.34
1690.14
778.67
1679.32
1700.89
1647.52
1358.36
1539.91
838.27
1970.94
1636.85
672.33
1497.55
1791.16
923.57
1194.70
1616.36
1791.16
1837.35
1491.48
1073.53
941.85
1084.33
1477.94
1426.16
726.81
1640.20
984.62
1125.58
1725.10
1497.55
1073.53
1791.16
1194.70
1109.26
1585.22
556.99
1396.69
1129.75
1725.10
923.57
1396.69
840.01
1892.18
1469.21
1344.49
1351.10
1748.69
923.57
1824.44
1711.02
1125.58
1243.00
1647.52
1560.11
1358.36
1569.93
1781.57
1605.16
1679.32
1326.81
1781.57
653.02
1400.59
1352.45
1594.15
1182.52
1669.53
1686.05
1013.80
1497.55
1249.34
2022.42
1607.58
1489.14
621.35
1129.75
1837.52
1385.43
840.01
1791.16
1491.48
1249.34
1700.53
1497.55
1426.16
552.78
1069.06
1864.17
1686.05
926.01
1013.80
1805.65
999.21
1353.50
1690.14
1608.92
1498.48
808.99
1767.81
1277.14
1781.57
1796.76
1564.33
1669.53
1521.96
2022.42
778.67
1690.14
1700.53
1588.65
1339.24
1791.16
840.01
1647.52
1358.36
1919.37
2230.70
1726.35
1679.32
1588.65
1791.16
1679.32
1092.72
1205.99
1338.63
1202.91
1497.55
1770.13
1976.70
1521.96
1226.70
1249.34
1129.75
1455.72
1202.91
2022.42
1837.35
1690.14
1497.55
1608.92
1339.24
284.35
2080.95
933.41
1608.92
1605.02
1796.76
1898.42
968.67
654.71
1072.99
643.06
1837.35
1748.69
1837.52
556.99
1419.14
1742.90
1585.22
1607.58
1477.94
1277.14
1791.16
1125.58
1608.92
1720.45
1588.65
1980.04
1664.80
923.57
1605.02
643.15
1742.90
1787.57
1781.57
941.85
1588.65
1219.39
884.94
1768.98
923.57
1607.58
1643.52
1607.58
1970.94
1767.81
1497.55
1182.52
1182.52
1726.35
1129.75
1324.01
1334.13
840.01
1339.78
1355.47
984.62
1791.16
1226.70
2230.70
442.02
1898.42
1497.55
1865.12
1768.98
255.47
923.57
1856.83
603.90
1092.72
1539.91
1521.96
1690.14
1469.21
1791.16
1366.23
1569.33
771.23
1679.32
1497.55
1072.99
1588.65
1669.84
1643.52
461.01
1243.00
968.67
1469.21
1497.55
1125.71
1169.35
855.07
1109.26
1303.92
1607.58
1925.66
1895.11
2022.53
1323.60
1895.11
1791.16
968.67
1209.22
722.36
1153.41
1539.91
1072.99
1796.76
1787.57
1539.91
736.79
1686.05
1194.70
1679.32
1860.05
1856.26
999.21
1781.93
941.85
1726.35
1329.41
999.21
1720.45
1366.23
1605.16
1766.86
886.02
1129.75
1647.52
643.15
1530.07
1378.61
860.37
1979.61
1497.55
2230.70
1209.22
556.99
1243.00
1669.53
1791.16
1748.69
1694.02
1497.55
1355.47
1679.32
1679.32
1426.16
1497.55
1856.26
933.41
1605.16
1426.16
1569.93
1791.16
1828.20
1787.57
1338.63
1073.53
1243.00
1498.48
1497.55
838.27
1767.81
1669.84
760.70
1569.33
2022.42
1497.55
1125.58
1069.06
1497.55
1249.34
736.79
1366.23
840.01
1481.40
1222.39
1352.45
1679.32
875.80
1459.40
1182.52
840.01
1497.55
1605.02
736.79
1654.03
1198.76
653.02
1491.48
840.01
1469.21
1109.26
1607.58
1194.70
1344.49
1282.40
1748.69
1069.06
1647.02
1209.22
1594.15
1892.18
2230.70
1569.33
1243.00
603.90
1768.98
1400.59
1497.55
1394.88
1605.02
1781.93
1539.91
1497.55
1497.55
1109.26
2021.71
1690.14
1791.16
1202.91
1400.59
1351.10
1607.58
1477.94
840.01
1796.76
1497.55
1837.35
933.41
923.57
1837.35
1940.25
933.41
1881.55
1607.58
1530.07
923.57
1477.94
2205.37
1400.59
1898.42
1791.16
1654.03
1458.17
1967.04
1521.96
1539.91
1565.79
1539.91
1585.81
2044.97
901.24
744.54
1979.61
1497.55
1194.70
516.89
1323.60
923.57
937.18
1770.13
840.01
1539.91
1748.69
1791.16
1358.36
1881.55
1564.33
1069.06
1510.40
1831.48
1497.55
1607.58
1647.52
1353.50
855.07
1533.14
1539.91
1301.97
1497.55
1605.16
1647.02
728.24
1643.52
1497.55
1616.18
1805.65
1205.99
1881.55
1569.33
1791.16
1167.61
2230.70
1533.14
1924.80
1149.53
1069.06
1856.26
1711.02
1497.55
1037.85
1358.36
1791.16
1669.53
1535.01
1497.55
461.01
1742.90
941.85
1497.55
999.21
2130.10
1278.12
1426.16
1607.58
921.80
668.81
1686.05
1491.48
1469.21
1607.58
845.14
1205.99
1497.55
1447.16
1435.40
1419.14
2005.57
1400.59
1297.76
760.70
1521.96
1770.13
1608.92
1469.21
1477.94
720.29
1564.33
838.27
840.01
1222.39
1564.33
1575.13
1856.83
1459.40
1781.57
863.69
1607.58
1967.04
1125.71
1898.42
1194.70
2022.42
816.36
591.45
1679.32
1125.58
1791.16
1221.76
1828.20
1742.90
1089.12
1605.02
1209.22
808.99
1791.16
1720.45
516.89
1222.39
736.79
1205.99
947.28
1477.94
1454.14
1497.55
2156.66
643.15
722.36
840.01
1564.33
1069.06
1607.58
884.94
2205.37
1569.93
284.35
1539.91
1497.55
556.99
1182.52
1497.55
808.99
1766.86
1837.35
1669.84
722.36
461.01
1515.93
943.29
1490.07
1585.22
1209.22
1700.89
387.67
643.06
1664.94
1339.24
736.79
1073.53
1221.76
1497.55
1533.14
1469.21
1791.16
517.44
1329.41
736.79
1569.33
1720.45
1770.13
1781.57
1435.40
1970.94
1469.21
1856.26
1209.22
1607.58
769.28
1533.14
1194.70
795.56
1600.76
1679.32
1679.32
1860.05
1277.14
1605.16
1497.55
1243.00
1394.88
1188.51
923.57
1748.69
1669.53
1481.40
1355.47
2080.95
1796.76
1791.16
461.01
1249.34
1188.51
2080.95
1588.65
984.62
1477.94
840.01
1970.94
1690.14
2044.97
1137.88
1564.33
923.57
2021.71
1725.10
654.71
1301.97
808.99
1366.23
1726.35
1497.55
1481.40
1339.24
1585.81
1837.52
933.41
1236.94
1588.65
1608.92
844.98
1585.81
1539.91
1153.41
603.90
937.18
1358.36
1202.91
1608.92
1125.58
1940.25
1569.93
621.35
1530.07
1477.94
1686.05
1202.91
1323.60
1748.69
1539.91
1970.94
2205.37
1967.04
1790.58
1497.55
943.29
1497.55
1497.55
1636.85
1748.69
603.90
1796.76
1925.66
1351.10
1725.10
1329.41
1378.61
1291.73
1400.35
1770.13
643.06
240.61
760.70
556.99
1396.69
1069.06
845.14
685.17
838.27
1669.84
1358.36
769.28
1355.47
2015.02
860.37
1837.35
1967.04
1334.13
1748.69
516.89
1469.21
1490.07
1016.94
1188.51
1497.55
1198.76
1980.04
1419.14
1497.55
726.81
2232.36
728.24
1976.70
1243.00
1497.55
1138.29
1643.52
778.67
1498.48
461.01
1469.21
1632.40
1826.33
653.02
1791.16
653.02
1092.72
1092.72
1182.52
1690.14
1426.16
1669.53
1517.51
845.14
769.28
1092.72
1898.42
1770.13
1182.52
1860.05
1826.33
1647.52
722.36
1497.55
1435.40
643.06
1647.52
1072.99
1533.14
1396.69
1219.39
1607.58
1564.33
1459.40
1605.02
1837.35
1605.16
1497.55
1319.64
1497.55
1791.16
1125.71
1770.13
1129.75
988.74
1542.10
1585.81
1856.26
760.40
1243.00
1355.47
1125.58
1796.76
1303.92
1980.04
556.99
1326.81
1447.16
1277.14
1291.73
1725.10
2022.42
1497.55
728.24
1187.29
1632.40
2156.66
442.02
2018.59
736.79
1073.53
1711.02
1069.06
1477.94
603.90
1865.12
1539.91
1881.55
1881.55
1489.14
1647.52
1539.91
1881.55
1684.49
1497.55
968.67
771.23
1654.03
840.01
1770.13
1355.47
1426.16
2232.36
1607.58
1631.89
1647.52
984.62
1690.14
1748.69
2039.76
556.99
1069.06
1073.53
1339.24
1796.76
1694.02
1497.55
1898.42
1607.58
1497.55
1647.02
1793.24
1539.91
1979.61
863.69
1358.36
1205.99
1694.02
1781.57
1748.69
734.47
1489.14
923.57
1319.64
1497.55
1149.53
461.01
1394.88
1394.88
1616.18
1319.64
840.01
1198.76
1605.02
603.90
840.01
1569.93
1748.69
1396.69
1837.35
1679.32
1748.69
1647.02
1679.32
1647.52
1323.60
1770.13
1569.93
1202.91
734.47
1069.06
1125.58
1647.02
556.99
1539.91
2022.42
1860.05
1326.81
1334.13
860.37
1711.02
2130.10
1497.55
1125.58
1791.16
1236.94
1205.99
1497.55
1726.35
968.67
1205.99
1865.12
1787.57
2022.53
1419.14
1616.18
1796.76
1647.52
1881.55
1781.57
1669.84
1748.69
1497.55
1864.17
933.41
1497.55
1277.14
1477.94
1539.91
1324.01
923.57
668.81
1742.90
1605.02
1352.45
1125.71
1069.06
1497.55
1153.41
603.90
720.29
1530.07
1632.40
1669.84
1497.55
1892.18
1856.83
1979.61
1182.52
1447.16
1069.06
916.44
845.14
1796.76
653.02
1533.14
1236.94
1768.98
1917.63
933.41
1607.58
857.97
1539.91
1711.02
487.05
1358.36
1222.39
1277.14
1396.69
1647.02
720.29
1426.16
1669.84
240.61
736.79
1979.61
1647.52
840.01
1182.52
1876.56
653.02
726.81
2015.02
1690.14
1636.85
1856.83
2014.35
1187.29
1277.14
1194.70
1796.76
1605.02
1679.32
1679.32
1979.61
654.71
1781.57
1089.12
1669.84
1539.91
720.29
1194.70
1400.59
1497.55
744.54
1469.21
1917.63
1447.16
771.23
1654.03
1344.49
1458.17
1856.83
1339.24
734.47
240.61
722.36
1725.10
1711.02
1856.83
1585.22
1533.14
1791.16
1678.50
1967.04
653.02
1351.10
1781.93
1497.55
1719.60
1881.55
1264.75
1970.94
1497.55
1226.70
1358.36
760.70
1569.33
1539.91
1748.69
1226.70
1277.14
284.35
1881.55
1423.95
933.41
516.89
771.23
1837.35
1605.02
1711.02
1069.06
1690.14
1394.88
816.36
1925.66
1194.70
845.14
621.35
1282.40
1865.12
1856.83
1366.37
621.35
1243.00
1125.71
840.01
1535.01
1249.34
1459.40
1326.81
1497.55
1564.33
1831.48
941.85
1497.55
1917.63
1700.89
442.02
2014.35
1564.33
2230.70
1791.16
722.36
1167.61
591.45
1805.65
1605.02
591.45
1138.29
1837.35
734.47
1129.75
771.23
1669.84
1539.91
2230.70
1016.94
1243.00
1153.41
1720.45
1967.04
653.02
1856.26
1358.36
1497.55
672.33
1585.81
1539.91
1898.42
1711.02
685.17
1647.02
1182.52
1967.04
1564.33
1431.68
1742.90
923.57
1319.64
1069.06
968.67
1491.48
1481.40
1898.42
1469.21
1339.24
1497.55
1303.92
1426.16
1344.49
1976.70
988.74
1770.13
1607.58
1796.76
1477.94
1243.00
1477.94
1970.94
1263.91
901.24
1647.02
1539.91
2044.97
1781.57
1787.57
1768.98
1378.61
1521.96
1647.02
1791.16
1205.99
1585.22
760.70
1694.02
1686.05
556.99
1607.58
1917.63
1791.16
1497.55
1498.48
744.54
1303.92
1791.16
1243.00
1725.10
1188.51
941.85
1497.55
1530.07
1497.55
1837.35
1249.34
530.59
1153.41
1748.69
1979.61
1925.66
1643.52
2031.92
1352.45
1533.14
1339.24
1566.30
1282.40
1497.55
1455.72
1679.32
1125.58
1490.07
1454.14
1125.58
840.01
668.81
1781.93
1264.75
1435.40
840.01
1205.99
1477.94
1521.96
1069.06
1326.81
1791.16
816.36
1826.33
760.70
760.70
1607.58
1069.06
1725.10
1826.33
999.67
1791.16
1787.57
1970.94
591.45
404.71
968.67
1569.33
1711.02
603.90
1864.17
1791.16
1344.49
1605.16
654.71
621.35
1742.90
838.27
123.22
1400.35
1796.76
1351.10
1605.16
1980.04
1636.85
1979.61
1700.89
1426.16
1194.70
1742.90
840.01
1497.55
1456.93
1837.35
1194.70
1605.02
1221.76
1277.14
1585.22
1481.40
1481.40
1264.75
2031.92
722.36
1781.57
2021.71
844.98
1805.65
146.69
1988.00
1264.75
1767.81
1805.65
855.07
1837.35
2014.35
1647.02
1497.55
653.02
1539.91
1750.00
1647.02
1498.48
1791.16
944.89
2022.42
1339.24
1249.34
240.61
1967.04
487.05
284.35
1194.70
808.99
1856.83
1726.35
1477.94
1791.16
1521.96
1497.55
1385.43
1153.41
795.56
1837.35
1236.94
1686.05
1089.12
1447.16
1339.24
1700.89
1564.33
608.69
1477.94
1489.14
1837.35
840.01
668.81
1129.75
999.67
1329.41
1303.92
1263.91
1533.14
1898.42
760.70
1805.65
778.67
1895.11
1898.42
1435.40
1221.76
1458.17
771.23
1787.57
1269.66
851.93
1605.16
1167.61
771.23
487.05
1167.61
556.99
2022.53
1864.17
1585.81
1303.92
1182.52
653.02
1339.24
1837.35
999.67
461.01
1647.52
1647.02
556.99
1394.88
760.70
863.69
1202.91
1979.61
968.67
255.47
1297.76
1892.18
1669.53
1805.65
1917.63
916.44
1679.32
1917.63
1297.76
838.27
1125.58
1640.20
1248.33
1137.88
926.01
1564.33
2156.66
1647.52
1097.05
1864.17
1925.66
1459.40
1694.02
1489.14
838.27
1686.05
1129.75
1301.97
1539.91
1733.30
1497.55
597.15
1497.55
744.54
1167.61
192.57
1654.03
1864.17
1750.00
1182.52
1489.14
1632.40
1876.56
1608.92
1308.99
1469.21
643.15
1796.76
1339.24
1092.72
1748.69
1352.45
1725.10
1787.57
1647.52
643.15
838.27
1497.55
1791.16
1647.02
1202.91
1497.55
1394.88
984.62
1791.16
1647.52
1856.83
1647.52
1069.06
1787.57
1481.40
1607.58
988.74
1607.58
1317.71
921.80
1497.55
1569.93
1539.91
1569.93
1860.05
1249.34
795.56
857.97
1719.60
1605.02
1726.35
1378.61
1243.00
1209.22
769.28
1979.61
1236.94
1895.11
840.01
1647.52
653.02
1489.14
1400.35
1125.71
329.29
1690.14
1684.49
734.47
1277.26
1895.11
1865.12
999.21
1791.16
1569.93
1569.93
1608.92
1477.94
2021.71
1092.72
720.29
1837.52
1647.02
1742.90
2022.42
2205.37
1497.55
1720.45
1605.02
1469.21
1249.34
1194.70
1344.49
1647.52
1477.94
1996.70
1569.93
1616.18
1694.02
1700.89
1334.13
1791.16
1069.06
1469.21
1426.16
1647.52
1856.83
591.45
1092.72
1497.55
2021.71
1719.60
1069.06
1917.63
1616.36
1569.93
1669.84
988.74
771.23
1805.65
255.47
1892.18
1980.04
1892.18
1748.69
1355.47
1539.91
1477.94
1791.16
146.69
1566.30
1125.58
1297.76
1917.63
1353.50
1406.05
1435.40
1700.89
1542.10
1469.21
1647.52
1564.33
1796.76
771.23
1353.50
1303.92
1138.29
720.29
654.71
1073.53
1339.24
418.25
1647.02
816.36
1456.93
1856.83
1970.94
1569.93
1970.94
1477.94
1366.23
1263.91
1864.17
1319.64
525.04
999.67
1787.57
1605.02
1860.05
2022.53
653.02
461.01
1791.16
1205.99
1796.76
1069.06
1791.16
1243.00
1566.30
999.21
1243.00
1358.36
1564.33
1892.18
1334.13
1856.83
1669.53
1787.57
1720.45
1626.17
1917.63
1137.88
1607.58
1089.12
1996.70
1129.75
778.67
1569.33
1301.97
1607.58
923.57
1129.75
1243.00
1569.93
1679.32
2015.02
1219.39
1394.88
1616.18
556.99
1607.58
1607.58
1828.20
1895.11
621.35
603.90
1781.57
1791.16
1264.75
1917.63
771.23
1182.52
1366.23
734.47
2021.71
1426.16
1010.55
1805.65
1925.66
1477.94
1069.06
840.01
1477.94
1569.93
1791.16
1497.55
1636.85
1566.30
1243.00
1967.04
1605.02
1344.49
1881.55
284.35
1748.69
1529.69
1605.02
603.90
816.36
1791.16
1970.94
1243.00
771.23
1497.55
1791.16
1767.81
1459.40
1643.52
1679.32
1301.97
1351.10
1669.53
1451.52
999.67
1278.12
771.23
1711.02
1979.61
1490.07
1898.42
2130.10
1828.20
1533.14
1725.10
668.81
1016.94
1539.91
736.79
1477.94
1358.36
1856.83
1129.75
1669.84
1679.32
1605.02
1686.05
1497.55
1796.76
621.35
855.07
668.81
1497.55
795.56
1865.12
1153.81
2021.71
1647.52
1396.69
1125.58
461.01
1016.94
1605.02
1679.32
1684.49
1097.05
840.01
1395.38
1326.81
1647.02
845.14
840.01
1569.33
1406.05
1979.61
760.70
1198.76
516.89
840.01
1669.84
1344.49
1805.65
1497.55
1605.02
1569.93
1876.56
1892.18
1188.51
1895.11
1539.91
1605.02
857.97
1497.55
1748.69
387.67
1917.63
1967.04
1303.92
1477.94
1125.58
1793.24
1209.22
1686.05
1477.94
1607.58
685.17
1684.49
1669.84
1605.16
1073.53
923.57
1856.26
720.29
1768.98
1917.63
844.98
1282.40
2022.42
1686.05
790.66
1796.76
999.21
1236.94
1362.52
1864.17
943.29
1400.35
1980.04
1569.33
1129.75
1535.01
1669.84
1426.16
944.89
1459.40
1205.99
720.29
1194.70
1497.55
391.01
1605.02
517.44
1539.91
1209.22
1748.69
1694.02
1339.24
1477.94
1324.01
442.02
838.27
1334.13
1970.94
999.21
1669.53
1898.42
1607.58
1358.36
1458.17
1125.58
1569.93
517.44
2232.36
1366.37
857.97
760.70
720.29
1791.16
1366.37
1497.55
1895.11
1791.16
1226.70
1605.16
1569.93
984.62
1925.66
1679.32
1569.93
1277.14
1497.55
1837.52
1477.94
1860.05
943.29
795.56
1748.69
1837.35
1419.14
1042.98
2021.71
1497.55
1790.58
1566.30
1569.33
1477.94
1222.39
1654.03
1297.76
1892.18
1209.22
1748.69
1643.52
1669.84
2027.83
1352.45
1497.55
1569.33
1647.52
1469.21
771.23
941.85
1647.52
1588.65
1917.63
1669.53
1278.12
722.36
1125.71
1069.06
1826.33
1669.53
1319.64
1791.16
1419.14
1647.52
2021.71
1856.26
1605.16
1669.53
1679.32
1297.76
525.04
1679.32
1895.11
1876.56
1781.93
2232.36
1647.52
1864.17
1269.66
1069.06
1323.60
1748.69
1607.58
1632.40
1222.39
1607.58
1779.10
923.57
2031.92
1469.21
1980.04
2232.36
1125.71
771.23
1600.76
1796.76
1898.42
1643.52
722.36
1856.26
1876.56
1770.13
933.41
1632.40
1892.18
255.47
840.01
1426.16
790.66
1277.14
1153.41
1791.16
1205.99
1182.52
1092.72
1198.76
1768.98
1647.52
1291.73
1209.22
1686.05
1566.30
1497.55
988.74
1970.94
1497.55
1477.94
1297.76
1521.96
1748.69
1396.69
1219.39
461.01
840.01
1324.01
911.67
1477.94
1669.84
1585.22
2021.71
1970.94
1791.16
1669.53
1137.88
1477.94
1895.11
1669.84
1566.30
1791.16
1892.18
1564.33
1733.30
1324.01
1530.07
1796.76
921.80
1205.99
2078.97
2156.66
1564.33
926.01
1781.57
1970.94
1539.91
1605.02
1643.52
1881.55
863.69
1339.24
720.29
1297.76
1725.10
608.69
1497.55
1605.02
1856.83
1791.16
1339.24
1243.00
1205.99
1344.49
1905.23
1856.83
1497.55
1837.35
1334.13
884.94
1779.10
1248.33
1324.01
1249.34
1539.91
1791.16
1967.04
1976.70
1477.94
901.24
1791.16
1129.75
1742.90
1358.36
1748.69
1264.75
1069.06
1222.39
1679.32
1497.55
1605.02
1205.99
1643.52
1605.02
1700.53
1980.04
1669.84
487.05
1469.21
1125.71
1395.38
2230.70
726.81
1605.02
1686.05
1319.64
1222.39
1791.16
1791.16
1669.84
1720.45
643.06
734.47
1092.72
1647.02
1569.93
1647.02
1566.30
1679.32
1533.14
1605.02
736.79
1679.32
1876.56
1970.94
1895.11
1791.16
1539.91
943.29
722.36
1669.84
840.01
1458.17
1679.32
1517.51
771.23
1669.84
1856.26
654.71
1719.60
840.01
921.80
1748.69
1187.29
1791.16
1876.56
1605.02
923.57
1742.90
988.74
1301.97
1608.92
1125.58
1768.98
1607.58
999.21
937.18
1459.40
1069.06
1787.57
1326.81
1278.12
1669.84
1497.55
736.79
1297.76
1539.91
901.24
603.90
653.02
552.78
1329.41
1690.14
668.81
1605.16
1564.33
1686.05
1539.91
1669.84
1898.42
771.23
1469.21
2205.37
1455.72
1351.10
1329.41
1138.29
1770.13
1352.45
1301.97
1303.92
1607.58
1742.90
1477.94
1182.52
1605.02
941.85
1073.53
926.01
1669.53
1069.06
1394.88
844.98
999.21
1469.21
851.93
941.85
461.01
1533.14
884.94
838.27
1917.63
791.99
1976.70
1226.70
1569.93
1967.04
1419.14
923.57
1770.13
1860.05
1796.76
653.02
875.80
722.36
1669.84
603.90
1489.14
1669.84
1497.55
1856.83
1125.58
1069.06
1748.69
1539.91
1924.80
1865.12
1477.94
1690.14
1726.35
734.47
1607.58
838.27
1791.16
855.07
284.35
838.27
728.24
1720.45
1919.37
987.70
1497.55
1353.50
923.57
933.41
1679.32
1277.14
1569.93
1828.20
672.33
1679.32
778.67
1791.16
1243.00
1182.52
1129.75
1976.70
1358.36
1278.12
1988.00
1725.10
1222.39
1856.83
1669.84
1669.84
2080.95
1725.10
1243.00
1539.91
1334.13
1781.57
1243.00
1686.05
1202.91
1594.15
1608.92
2022.42
1837.35
2130.10
2130.10
654.71
1521.96
1925.66
1569.33
923.57
668.81
1187.29
1895.11
1329.41
1469.21
1791.16
840.01
1594.15
1605.02
1748.69
525.04
1097.05
1694.02
1793.24
855.07
1125.71
1980.04
1719.60
1725.10
1669.84
1552.61
525.04
1970.94
1451.52
1249.34
2130.10
1498.48
1791.16
1282.40
1517.51
1748.69
2019.58
1796.76
838.27
1779.10
1497.55
1564.33
1856.83
1533.14
1781.57
1277.14
1700.53
941.85
631.68
1092.72
1419.14
1791.16
1069.06
1967.04
1194.70
1469.21
1454.14
1400.59
1264.75
1221.76
1881.55
1892.18
1129.75
838.27
984.62
1588.65
2205.37
1097.05
1796.76
1277.14
2021.71
1497.55
1837.52
668.81
1497.55
1469.21
1138.29
1454.14
1236.94
840.01
1530.07
1187.29
1791.16
1569.33
1400.59
1643.52
1326.81
1607.58
1329.41
2130.10
1539.91
1686.05
1125.58
1198.76
1864.17
1607.58
1324.01
711.70
1394.88
1690.14
1679.32
1876.56
2014.35
860.37
1497.55
1767.81
1679.32
988.74
1856.83
672.33
1530.07
1137.88
1539.91
1194.70
736.79
1129.75
1686.05
1125.71
1530.07
1781.57
1669.53
1748.69
1226.70
1828.20
1607.58
1669.53
1643.52
461.01
1278.12
999.67
1748.69
1704.33
654.71
1198.76
1323.60
1669.84
1970.94
1529.69
1917.63
1856.83
1072.99
1647.52
1856.26
1529.69
1616.18
1400.59
1092.72
1905.23
1426.16
1459.40
1454.14
1781.57
1447.16
668.81
1686.05
1856.83
943.29
1400.59
1607.58
1353.50
1497.55
838.27
734.47
1768.98
1605.16
1072.99
1303.92
1826.33
1569.93
1824.44
653.02
1497.55
941.85
1221.76
1400.59
923.57
838.27
1447.16
816.36
1770.13
1326.81
1329.41
1925.66
1329.41
1456.93
1406.05
1278.12
1277.14
1353.50
933.41
1647.02
901.24
840.01
923.57
556.99
2021.71
1860.05
1282.40
1169.35
461.01
1243.00
1426.16
1455.72
1355.47
2232.36
1301.97
1323.60
1497.55
1791.16
1787.57
1787.57
1666.75
1264.75
1690.14
1787.57
1459.40
1569.93
1153.81
923.57
1726.35
1222.39
999.21
1892.18
1979.61
1881.55
1072.99
1647.52
937.18
771.23
1967.04
1072.99
1542.10
461.01
1394.88
1686.05
760.70
1647.52
1726.35
1898.42
240.61
1396.69
2021.71
1970.94
685.17
1344.49
1607.58
1770.13
1711.02
1970.94
1344.49
1533.14
720.29
1533.14
1202.91
672.33
1277.14
192.57
1979.61
668.81
653.02
1530.07
1329.41
2044.97
1277.14
1837.52
1881.55
901.24
1837.52
1647.52
1979.61
923.57
654.71
1607.58
1605.02
1137.88
654.71
1694.02
2232.36
1339.78
1182.52
726.81
1643.52
1767.81
1263.91
1895.11
1605.02
1539.91
840.01
728.24
1748.69
2080.95
1339.24
1796.76
597.15
1647.52
1426.16
1988.00
1329.41
1378.61
1605.16
1669.84
778.67
1898.42
1396.69
1539.91
1781.93
1394.88
1202.91
1497.55
1881.55
771.23
988.74
1980.04
1748.69
461.01
1585.22
1569.33
1539.91
1781.93
1791.16
1395.38
1097.05
1898.42
1607.58
1605.02
791.99
1326.81
845.14
1491.48
1366.23
1647.02
1856.83
1679.32
722.36
1679.32
1647.02
1129.75
1426.16
1791.16
1694.02
1647.52
1700.53
1679.32
1881.55
1816.92
1917.63
1767.81
1243.00
1396.69
1585.22
1226.70
1684.49
1711.02
1864.17
1585.81
1351.10
1860.05
643.15
1355.47
668.81
1793.24
1564.33
1684.49
1426.16
621.35
1323.60
1277.14
1469.21
1138.29
1791.16
1865.12
1221.76
2020.56
621.35
1497.55
923.57
1647.02
1182.52
1097.05
1647.52
1400.59
1072.99
643.06
1477.94
1455.72
1497.55
1796.76
1700.89
1489.14
1748.69
1686.05
1458.17
1497.55
1497.55
1277.14
1654.03
1976.70
1073.53
857.97
1979.61
734.47
1837.35
1669.53
1497.55
1358.36
1791.16
933.41
1791.16
1791.16
840.01
1768.98
1205.99
840.01
1277.14
923.57
1796.76
1864.17
1539.91
1469.21
1605.02
284.35
1535.01
1202.91
1355.47
1768.98
999.67
672.33
1719.60
840.01
1396.69
1779.10
840.01
1539.91
668.81
923.57
1564.33
2015.02
1138.29
1605.16
1569.33
1081.76
1865.12
1781.57
1594.15
1263.91
1426.16
1787.57
840.01
1742.90
1917.63
838.27
816.36
984.62
1616.36
1828.20
999.21
1837.52
1194.70
999.21
1826.33
1089.12
1881.55
779.79
1469.21
1497.55
901.24
1796.76
1278.12
1249.34
1791.16
1269.66
988.74
1940.25
1970.94
1647.52
1787.57
1149.53
1073.53
1358.36
1669.53
1329.41
1970.94
1742.90
1358.36
1187.29
722.36
1690.14
1334.13
1282.40
1477.94
1917.63
2205.37
726.81
1725.10
1779.10
736.79
284.35
1669.84
1481.40
1497.55
999.67
923.57
1605.02
1768.98
1497.55
1664.80
1686.05
1497.55
857.97
1647.52
1044.67
984.62
1344.49
1221.76
1205.99
760.70
875.80
1690.14
2021.71
1748.69
1791.16
1187.29
1793.24
1720.45
1400.35
1278.12
1865.12
1264.75
1605.02
1720.45
2021.71
1588.65
1469.21
1497.55
1917.63
1069.06
771.23
1469.21
1647.02
943.29
1072.99
1202.91
1243.00
1781.93
1469.21
1344.49
1791.16
1406.05
1605.16
284.35
361.23
2230.70
1704.33
1069.06
1917.63
1153.41
921.80
734.47
1607.58
1209.22
2080.95
968.67
1490.07
1469.21
816.36
1824.44
1209.22
667.05
1334.13
1793.24
1700.89
1278.12
1970.94
1588.65
667.05
1791.16
2021.71
1426.16
2230.70
1202.91
2205.37
1129.75
1856.83
838.27
1588.65
923.57
999.21
1108.67
1521.96
1358.36
1669.53
667.05
722.36
1539.91
1129.75
1860.05
1856.26
1647.52
685.17
1489.14
999.21
988.74
1647.52
597.15
1324.01
1396.69
1469.21
1406.05
1694.02
1073.53
1069.06
1856.83
1426.16
1979.61
941.85
901.24
1791.16
921.80
1396.69
1263.91
1669.84
1358.36
192.57
1791.16
1396.69
1979.61
1517.19
1607.58
1249.34
1881.55
1748.69
1690.14
1594.15
1704.33
844.98
1898.58
1539.91
1497.55
1339.24
1791.16
1435.40
1291.73
1770.13
1796.76
1264.75
1748.69
1497.55
840.01
597.15
1351.10
1970.94
1226.70
855.07
1647.52
816.36
1605.02
1396.69
1069.06
1497.55
1569.93
1647.02
840.01
1678.50
1138.29
999.67
1010.55
1585.81
1497.55
1324.01
1073.53
1308.99
845.14
1791.16
1205.99
1720.45
1138.29
2205.37
1860.05
1194.70
1824.44
1209.22
1791.16
1569.93
1249.34
1129.75
1587.52
1129.75
654.71
1631.89
1394.88
1205.99
1895.11
1226.70
1967.04
1167.61
1456.93
1109.26
1892.18
1539.91
1980.04
1726.35
1490.07
1898.42
855.07
1616.18
816.36
933.41
1069.06
1249.34
1236.94
2230.70
1898.58
1607.58
1182.52
838.27
1643.52
1996.70
1796.76
621.35
1264.75
855.07
1497.55
1477.94
1636.85
1860.05
1539.91
170.98
1607.58
1805.65
1458.17
1647.02
1167.61
1925.66
1781.93
923.57
603.90
2205.37
999.67
1686.05
1742.90
933.41
1917.63
1202.91
1669.84
1791.16
525.04
1497.55
170.98
1831.48
838.27
840.01
1767.81
1781.93
923.57
1498.48
1569.33
1837.52
1791.16
240.61
1569.93
1069.06
1892.18
1497.55
1917.63
1979.61
2014.35
1497.55
1339.24
1297.76
1477.94
726.81
1816.92
1607.58
1016.94
999.21
1726.35
1395.38
1768.98
284.35
1748.69
1742.90
875.80
1081.76
736.79
1669.53
1153.41
1219.39
1194.70
984.62
1585.22
1455.72
1167.61
1353.50
1324.01
1478.32
1497.55
1447.16
1748.69
1351.10
999.21
1202.91
1125.71
1607.58
771.23
653.02
1396.69
873.19
1837.52
1355.47
597.15
1979.61
1109.26
2031.92
1282.40
1243.00
1433.52
720.29
1396.69
1396.69
1358.36
1791.16
923.57
1326.81
1491.48
1781.57
621.35
1277.14
1395.38
808.99
1967.04
1828.20
851.93
1366.23
1089.12
1616.36
1816.92
1378.61
1198.76
736.79
2181.23
1072.99
2230.70
1138.29
769.28
1970.94
1686.05
1539.91
1109.26
1137.88
1539.91
1396.69
1338.63
923.57
1459.40
1278.12
1353.50
1498.48
597.15
1426.16
1109.26
1209.22
1458.17
1781.57
1881.55
1605.16
1264.75
1856.26
1125.58
1647.52
1092.72
1704.33
1219.39
1222.39
1569.93
1594.15
1700.53
722.36
1129.75
1976.70
1856.83
1339.24
1277.14
1980.04
1686.05
2044.97
1647.52
1497.55
1497.55
1925.66
1435.40
1194.70
1469.21
1497.55
1366.37
672.33
1205.99
1919.37
1358.36
1564.33
1837.52
1690.14
1607.58
808.99
1647.02
1892.18
329.29
1497.55
1469.21
1607.58
1647.02
999.21
1344.49
769.28
516.89
1323.60
1925.66
1980.04
1860.05
1837.35
1454.14
1686.05
1768.98
2020.56
808.99
1805.65
621.35
838.27
1125.58
1497.55
926.01
1605.16
1248.33
1647.02
1632.40
1339.24
1426.16
1459.40
1805.65
1400.35
1566.30
1881.55
1796.76
1073.53
1400.35
1748.69
1198.76
1358.36
855.07
947.28
1334.13
1711.02
937.18
736.79
1297.76
1796.76
1426.16
1497.55
943.29
1856.83
1521.96
1647.52
1616.36
1469.21
1358.36
734.47
1355.47
923.57
771.23
1700.53
1980.04
1329.41
1980.04
923.57
1301.04
1153.41
845.14
857.97
1282.40
1497.55
1564.33
668.81
1497.55
1828.20
1515.93
1358.36
1684.49
1153.81
2014.35
1194.70
722.36
1447.16
1669.84
1344.49
1202.91
1679.32
1319.64
525.04
1837.35
1385.43
736.79
1221.76
1125.58
901.24
1607.58
1585.22
1282.40
1138.29
1517.51
1669.53
1742.90
1876.56
1358.36
1491.48
1720.45
1791.16
1694.02
1992.68
1876.56
1594.15
1664.80
1249.34
1669.84
1138.29
1303.92
1733.30
1129.75
1202.91
1700.53
726.81
1860.05
1149.53
943.29
722.36
1881.55
1608.92
1477.94
1748.69
1326.81
1647.02
760.70
1362.52
926.01
1497.55
1636.85
1109.26
1282.40
1469.21
1073.53
1209.22
923.57
1539.91
1796.76
1092.72
1243.00
726.81
1669.84
516.89
1153.41
941.85
1477.94
1530.07
2230.70
2130.10
1426.16
1856.83
722.36
722.36
1917.63
1447.16
1323.60
1358.36
1539.91
1301.97
1970.94
1277.14
1097.05
2156.66
2205.37
1979.61
1669.53
1666.75
654.71
1608.92
1297.76
1324.01
1669.53
926.01
525.04
1856.26
1355.47
771.23
1455.72
1607.58
1221.76
1607.58
1881.55
926.01
840.01
1219.39
1726.35
667.05
720.29
556.99
1940.25
1725.10
1529.69
1917.63
1326.81
2022.42
1679.32
1310.48
1686.05
1881.55
1153.81
1194.70
1607.58
901.24
726.81
1539.91
1616.18
1277.14
1607.58
844.98
1752.91
1770.13
1339.24
2014.35
1669.84
1636.85
1469.21
2205.37
1791.16
1109.26
923.57
736.79
1791.16
1069.06
1669.84
1690.14
1497.55
1243.00
1426.16
1219.39
1533.14
838.27
1497.55
1876.56
844.98
1605.02
1092.72
1700.89
1497.55
1205.99
791.99
1458.17
1344.49
1539.91
1497.55
1169.35
1669.84
1277.14
1334.13
1469.21
1770.13
1153.41
1690.14
1898.42
1517.51
556.99
643.15
1791.16
1243.00
838.27
1607.58
779.79
1742.90
1643.52
1400.59
1831.48
1339.24
1607.58
1791.16
1856.83
1355.47
1594.92
1477.94
1539.91
1109.26
1092.72
1539.91
1481.40
1358.36
1647.02
1700.89
1358.36
1669.84
1791.16
621.35
722.36
1263.91
1089.12
1594.92
1748.69
1647.02
1297.76
1167.61
1605.02
1378.61
1069.06
1895.11
1477.94
1766.86
1569.33
1898.42
1069.06
1477.94
1748.69
1791.16
2230.70
1153.41
603.90
1392.74
1564.33
901.24
591.45
1856.83
1129.75
1791.16
1355.47
1793.24
1791.16
1686.05
923.57
1477.94
1263.91
1202.91
685.17
597.15
1297.76
1898.42
1669.84
840.01
1194.70
1497.55
1643.52
1497.55
1881.55
2080.95
1856.83
1477.94
1970.94
926.01
1236.94
461.01
1742.90
1669.53
1326.81
1539.91
1608.92
2232.36
1796.76
1967.04
1594.92
1469.21
1497.55
1566.30
1979.61
1970.94
1089.12
873.19
1339.24
1454.14
1243.00
1459.40
1469.21
1856.83
1328.26
1125.58
1229.27
461.01
1497.55
1607.58
1647.52
1323.60
728.24
1125.58
1396.69
1303.92
516.89
1497.55
838.27
1575.13
1125.58
1970.94
857.97
1992.68
1791.16
1837.35
1594.15
1970.94
1226.70
1860.05
240.61
1198.76
2205.37
1013.80
1355.47
1497.55
1647.52
552.78
1497.55
1477.94
1344.49
1892.18
1917.63
192.57
1569.93
461.01
1720.45
1426.16
1605.02
1497.55
1791.16
1837.52
461.01
146.69
933.41
1202.91
1219.39
1277.14
941.85
1793.24
771.23
1796.76
1539.91
923.57
778.67
1125.71
1607.58
1669.84
654.71
1669.53
1616.18
943.29
653.02
923.57
1607.58
1194.70
999.67
1498.48
771.23
1684.49
643.15
1249.34
1679.32
1725.10
1860.05
1816.92
1406.05
808.99
1678.50
736.79
1497.55
1125.58
1666.75
1329.41
1301.97
1497.55
1497.55
1497.55
1447.16
1898.42
1791.16
1686.05
771.23
1791.16
1352.45
1533.14
1881.55
1647.52
1742.90
840.01
1221.76
1529.69
1781.93
1481.40
1925.66
1791.16
720.29
1720.45
1742.90
1767.81
1097.05
1069.06
898.84
1323.60
2205.37
1069.06
1837.35
1647.02
1392.74
672.33
1742.90
808.99
1497.55
603.90
1198.76
999.67
1344.49
2022.42
1979.61
838.27
1647.52
968.67
667.05
1353.50
1138.29
643.06
1539.91
1837.35
1129.75
1539.91
1182.52
1358.36
1539.91
1669.53
1153.41
1248.33
1396.69
240.61
603.90
1607.58
1209.22
1187.29
840.01
1269.66
944.89
901.24
1781.57
720.29
845.14
1406.05
1726.35
1669.53
1069.06
1497.55
1704.33
1605.02
1394.88
1791.16
1310.48
1647.02
1791.16
1069.06
1720.45
1498.48
1339.24
1426.16
1301.97
1742.90
1358.36
1864.17
1898.42
1856.83
1865.12
1605.02
1153.41
1530.07
1742.90
1489.14
1497.55
1167.61
1647.52
2021.71
1898.42
1976.70
1394.88
855.07
1469.21
1647.52
1686.05
1837.35
603.90
1533.14
461.01
1334.13
1979.61
1455.72
1569.93
988.74
838.27
1679.32
1362.52
1396.69
1497.55
1517.19
1892.18
1669.53
816.36
1187.29
1748.69
1264.75
1396.69
1539.91
1647.02
1355.47
744.54
461.01
1791.16
808.99
1748.69
1917.63
1607.58
1607.58
1856.83
988.74
1497.55
1497.55
1366.37
1269.66
840.01
1898.42
1631.89
1497.55
516.89
999.21
1569.33
1607.58
854.11
2021.55
947.28
736.79
1394.88
1307.86
1791.16
933.41
1236.94
1837.52
2230.70
1686.05
933.41
1097.05
653.02
1533.14
1564.33
1535.01
516.89
1767.81
1686.05
1694.02
1497.55
1796.76
845.14
720.29
1694.02
1643.52
1669.53
1419.14
1010.55
1426.16
1169.35
1073.53
1967.04
1169.35
1344.49
1426.16
1243.00
1167.61
1616.18
1892.18
1564.33
487.05
1515.93
999.21
1607.58
1539.91
1269.66
1748.69
1498.48
1669.53
1856.26
1647.02
901.24
1686.05
2205.37
1092.72
1607.58
1490.07
1188.51
1329.41
1533.14
1097.05
1616.18
720.29
1366.37
943.29
1301.97
1324.01
685.17
1451.52
1970.94
771.23
2232.36
923.57
1303.92
838.27
1647.52
2031.92
1400.59
1497.55
1301.97
943.29
790.66
1895.11
1182.52
1967.04
1542.10
1569.93
1097.05
1588.65
1277.14
2022.42
1129.75
1353.50
1726.35
720.29
1898.42
1876.56
1686.05
1781.93
1787.57
1219.39
1664.80
284.35
1497.55
1167.61
1426.16
886.02
2027.83
1400.59
1497.55
923.57
2230.70
722.36
170.98
857.97
854.11
1856.26
1970.94
1791.16
1679.32
2019.58
1319.64
1860.05
943.29
1303.92
1497.55
1069.06
838.27
1742.90
1328.26
734.47
1497.55
1647.52
1277.14
1669.53
1970.94
1169.35
1970.94
1605.02
1669.53
1690.14
933.41
1198.76
855.07
1109.26
653.02
1535.01
1569.93
1686.05
1539.91
1243.00
1497.55
1278.12
603.90
1898.42
1669.84
1510.40
1791.16
1608.92
1358.36
2230.70
923.57
1243.00
760.70
1686.05
1469.21
943.29
1125.71
1796.76
1686.05
1616.18
1277.14
654.71
1979.61
838.27
1394.88
1686.05
1129.75
1455.72
1269.66
1366.37
1149.53
1069.06
1980.04
1569.93
685.17
1791.16
1426.16
1686.05
516.89
2022.42
1564.33
516.89
1125.58
1477.94
284.35
1497.55
1153.41
1362.52
1607.58
1469.21
1334.13
1781.57
2231.03
556.99
1530.07
840.01
1569.93
1477.94
1249.34
1895.11
1669.84
1725.10
1477.94
1395.38
1895.11
1303.92
1768.98
1358.36
1400.59
1187.29
1856.83
461.01
1205.99
1010.84
984.62
1837.35
720.29
1092.72
1791.16
1510.40
1194.70
255.47
1222.39
1334.13
1303.92
1205.99
736.79
1594.15
1666.75
1868.94
1459.40
1694.02
863.69
1860.05
1339.24
1725.10
1339.24
2130.10
1125.71
1497.55
1426.16
1205.99
2021.71
1796.76
1497.55
1153.41
1781.93
838.27
1394.88
771.23
1686.05
1497.55
1355.47
1533.14
1669.84
2021.71
1684.49
170.98
1607.58
1647.52
1490.07
851.93
1219.39
1497.55
1395.38
968.67
1892.18
1647.52
1569.33
2044.97
1881.55
1686.05
1278.12
1277.14
1585.22
1344.49
123.22
1684.49
1876.56
1517.19
1138.29
1791.16
769.28
556.99
643.15
1881.55
1358.36
